3 -286
4 -286
2 -334
3 -388
2 -436
3 -490
2 -544
3 -592
2 -646
3 -694
2 -748
3 -796
2 -850
3 -904
4 -904
1 -952
4 -1006
1 -1054
4 -1108
1 -1156
4 -1210
1 -1264
4 -1312
1 -1366
4 -1414
1 -1468
3 -1516
4 -1516
2 -1570
4 -1624
2 -1672
4 -1726
2 -1774
4 -1828
2 -1876
4 -1930
2 -1984
4 -2032
2 -2086
3 -2134
4 -2134
1 -2188
2 -2236
3 -2290
4 -2344
2 -2368
3 -2392
2 -2416
4 -2446
2 -2470
4 -2494
2 -2524
3 -2548
1 -2572
3 -2596
1 -2626
2 -2650
3 -2674
2 -2704
3 -2728
2 -2752
1 -2752
3 -2806
2 -2854
3 -2908
2 -2956
3 -3010
2 -3064
3 -3112
2 -3166
3 -3214
2 -3268
3 -3316
1 -3370
2 -3370
4 -3424
1 -3472
4 -3526
1 -3574
4 -3628
1 -3676
4 -3730
1 -3784
4 -3832
1 -3886
4 -3934
1 -3988
2 -3988
3 -4036
1 -4090
3 -4144
1 -4192
3 -4246
1 -4294
3 -4348
1 -4396
3 -4450
1 -4504
3 -4552
1 -4606
2 -4606
3 -4630
2 -4654
3 -4684
1 -4708
2 -4708
3 -4732
2 -4756
3 -4786
4 -4810
3 -4834
4 -4864
3 -4888
1 -4912
2 -4936
1 -4966
2 -4990
3 -5014
4 -5068
3 -5116
2 -5170
1 -5224
2 -5248
3 -5272
1 -5326
2 -5350
3 -5374
1 -5428
2 -5452
3 -5476
4 -5530
2 -5554
3 -5584
1 -5608
4 -5632
2 -5656
3 -5686
1 -5710
4 -5734
3 -5764
4 -5788
4 -5836
3 -5866
2 -5890
4 -5944
3 -5968
2 -5992
4 -6046
3 -6070
2 -6094
1 -6148
3 -6172
2 -6196
4 -6226
1 -6250
3 -6274
2 -6304
4 -6328
1 -6352
2 -6376
1 -6406
1 -6454
2 -6484
1 -6508
2 -6532
3 -6556
2 -6586
3 -6610
2 -6634
3 -6664
4 -6688
3 -6712
4 -6736
1 -6766
2 -6790
3 -6814
4 -6844
1 -6868
2 -6892
3 -6916
4 -6946
1 -6970
2 -6994
3 -7024
4 -7048
4 -7072
3 -7096
4 -7126
3 -7150
2 -7174
3 -7204
2 -7228
3 -7252
2 -7276
1 -7306
2 -7330
1 -7354
4 -7384
3 -7408
2 -7432
1 -7456
4 -7486
3 -7510
2 -7534
1 -7564
4 -7588
3 -7612
2 -7636
1 -7666
4 -7690
3 -7714
4 -7744
3 -7768
4 -7792
2 -7816
4 -7846
2 -7870
4 -7894
1 -7924
4 -7948
1 -7972
3 -7996
2 -8026
3 -8050
2 -8074
3 -8104
2 -8128
3 -8152
2 -8176
3 -8206
2 -8230
3 -8254
2 -8284
1 -8308
2 -8332
1 -8356
2 -8386
1 -8410
3 -8434
1 -8464
3 -8488
1 -8512
4 -8536
1 -8566
4 -8590
2 -8614
3 -8644
2 -8668
3 -8692
2 -8716
3 -8746
2 -8770
3 -8794
2 -8824
3 -8848
2 -8872
3 -8896
1 -8926
2 -8950
3 -8974
4 -9004
3 -9028
2 -9052
1 -9076
2 -9106
3 -9130
4 -9154
3 -9184
2 -9208
4 -9232
4 -9256
4 -9286
4 -9310
3 -9334
3 -9364
3 -9388
3 -9412
2 -9436
2 -9466
2 -9490
2 -9514
4 -9544
3 -9568
2 -9592
1 -9616
2 -9646
3 -9670
4 -9694
3 -9724
2 -9748
1 -9772
2 -9796
3 -9826
1 -9850
1 -9874
1 -9904
1 -9928
2 -9952
2 -9976
2 -10006
2 -10030
3 -10054
3 -10084
3 -10108
3 -10132
1 -10156
2 -10156
4 -10156
4 -10264
1 -10264
3 -10288
2 -10312
3 -10336
4 -10366
1 -10366
3 -10390
2 -10414
3 -10444
4 -10468
1 -10468
3 -10492
2 -10516
3 -10546
4 -10570
1 -10570
3 -10594
2 -10624
3 -10648
4 -10672
1 -10672
3 -10696
2 -10726
3 -10750
1 -10774
4 -10774
2 -10804
3 -10828
2 -10852
1 -10876
4 -10876
2 -10906
3 -10930
2 -10954
1 -10984
4 -10984
2 -11008
3 -11032
2 -11056
1 -11086
4 -11086
2 -11110
3 -11134
2 -11164
1 -11188
4 -11188
2 -11212
3 -11236
2 -11266
1 -11290
4 -11290
3 -11314
2 -11344
3 -11368
2 -11392
4 -11392
3 -11416
2 -11446
1 -11470
2 -11494
4 -11494
3 -11524
2 -11548
1 -11572
2 -11596
4 -11596
3 -11626
2 -11650
1 -11674
2 -11704
4 -11704
3 -11728
2 -11752
1 -11776
2 -11806
4 -11806
3 -11830
2 -11854
1 -11884
2 -11908
3 -11956
3 -12010
4 -12010
2 -12034
1 -12064
2 -12088
4 -12112
3 -12112
2 -12136
1 -12166
2 -12190
3 -12214
4 -12214
2 -12244
1 -12268
2 -12292
4 -12316
3 -12316
2 -12346
1 -12370
2 -12394
3 -12424
4 -12424
2 -12448
1 -12472
2 -12496
4 -12526
3 -12526
2 -12550
1 -12574
2 -12604
1 -12628
4 -12628
2 -12652
3 -12676
2 -12706
1 -12730
4 -12730
2 -12754
3 -12784
2 -12808
1 -12832
4 -12832
2 -12856
3 -12886
2 -12910
1 -12934
4 -12934
2 -12964
3 -12988
2 -13012
1 -13036
4 -13036
2 -13066
3 -13090
2 -13114
4 -13144
1 -13144
3 -13168
2 -13192
3 -13216
4 -13246
1 -13246
3 -13270
2 -13294
3 -13324
4 -13348
1 -13348
3 -13372
2 -13396
3 -13426
4 -13450
1 -13450
3 -13474
2 -13504
3 -13528
4 -13552
1 -13552
3 -13576
2 -13606
3 -13630
4 -13654
1 -13654
2 -13684
3 -13708
2 -13732
3 -13756
1 -13756
2 -13786
3 -13810
4 -13834
3 -13864
1 -13864
2 -13888
3 -13912
4 -13936
3 -13966
1 -13966
2 -13990
3 -14014
4 -14044
3 -14068
1 -14068
2 -14092
3 -14116
4 -14146
3 -14170
1 -14170
2 -14194
3 -14224
4 -14248
3 -14272
2 -14296
1 -14326
2 -14350
3 -14374
4 -14374
2 -14428
1 -14428
2 -14476
1 -14476
3 -14506
4 -14530
3 -14554
1 -14584
2 -14584
3 -14608
4 -14632
3 -14656
2 -14686
1 -14686
3 -14710
4 -14734
3 -14764
1 -14788
2 -14788
3 -14812
4 -14836
3 -14866
2 -14890
1 -14890
3 -14914
4 -14944
3 -14968
1 -14992
2 -14992
3 -15016
4 -15046
3 -15070
1 -15094
2 -15094
1 -15148
2 -15148
3 -15196
3 -15250
2 -15274
3 -15304
3 -15352
1 -15406
2 -15406
1 -15454
2 -15454
3 -15508
2 -15532
3 -15556
2 -15586
3 -15610
3 -15664
1 -15712
2 -15712
1 -15766
2 -15766
4 -15814
3 -15868
2 -15892
1 -15916
3 -15970
2 -15994
1 -16024
3 -16024
4 -16024
2 -16048
3 -16072
4 -16072
1 -16072
2 -16096
3 -16126
2 -16150
3 -16174
4 -16174
1 -16174
2 -16204
3 -16228
2 -16252
3 -16276
4 -16276
1 -16276
2 -16306
4 -16330
3 -16330
4 -16384
3 -16384
2 -16432
2 -16486
3 -16510
2 -16534
2 -16588
4 -16636
3 -16636
4 -16690
3 -16690
2 -16744
3 -16768
2 -16792
3 -16816
2 -16846
2 -16894
4 -16948
3 -16948
4 -16996
3 -16996
1 -17050
2 -17104
1 -17104
3 -17128
4 -17152
2 -17206
1 -17206
3 -17230
4 -17254
2 -17254
1 -17254
3 -17284
2 -17308
1 -17308
4 -17308
3 -17332
2 -17356
3 -17386
2 -17410
1 -17410
4 -17410
3 -17434
2 -17464
3 -17488
2 -17512
1 -17512
4 -17512
3 -17536
1 -17566
2 -17566
4 -17566
4 -17668
4 -17716
4 -17746
3 -17770
2 -17824
1 -17872
4 -17872
3 -17872
1 -17926
3 -17926
4 -17926
4 -17974
4 -18004
4 -18028
4 -18052
3 -18076
2 -18130
1 -18184
4 -18184
1 -18232
4 -18232
2 -18286
3 -18334
3 -18364
3 -18388
2 -18436
2 -18466
2 -18490
4 -18544
4 -18568
4 -18592
1 -18646
1 -18670
1 -18694
1 -18748
2 -18796
3 -18796
4 -18796
3 -18904
4 -18904
1 -18952
2 -18952
3 -18976
4 -18976
1 -19006
2 -19006
3 -19054
4 -19054
1 -19108
2 -19108
3 -19108
4 -19108
1 -19156
2 -19156
3 -19156
4 -19156
1 -19210
2 -19210
3 -19234
4 -19234
1 -19264
2 -19264
3 -19288
4 -19288
1 -19312
2 -19312
1 -19366
2 -19366
1 -19414
4 -19414
3 -19444
2 -19468
1 -19492
4 -19492
4 -19516
1 -19516
3 -19546
2 -19570
1 -19594
4 -19594
1 -19624
4 -19624
3 -19648
2 -19672
1 -19696
4 -19696
3 -19726
4 -19750
3 -19774
4 -19804
1 -19828
2 -19852
1 -19876
2 -19906
3 -19930
4 -19954
2 -19984
1 -20008
4 -20032
3 -20188
4 -20236
3 -20290
2 -20344
1 -20446
2 -20548
1 -20596
2 -20650
4 -20806
3 -20854
2 -20908
1 -20956
2 -21166
1 -21214
2 -21268
3 -21274
3 -21370
4 -21376
2 -21472
3 -21478
3 -21574
2 -21580
2 -21676
1 -21688
3 -21784
2 -21790
4 -21886
4 -22036
3 -22090
2 -22144
1 -22192
2 -22294
3 -22396
4 -22504
3 -22810
4 -23116
1 -23428
2 -23530
1 -23632
1 -23734
2 -23734
3 -23734
4 -23734
2 -23836
3 -23836
4 -23836
1 -23944
3 -23944
4 -23944
1 -24046
2 -24046
3 -24046
1 -24148
2 -24148
4 -24148
1 -24250
3 -24250
4 -24250
2 -24352
3 -24352
4 -24352
2 -24508
3 -24556
4 -24610
1 -24664
2 -24712
4 -24766
3 -24814
1 -24868
2 -24916
4 -24970
3 -25024
1 -25072
2 -25126
4 -25174
2 -25228
4 -25252
1 -25276
2 -25330
4 -25384
3 -25432
1 -25486
2 -25534
1 -25588
4 -25588
3 -25636
1 -25690
2 -25744
4 -25792
1 -25816
3 -25846
1 -25894
2 -25894
3 -25924
2 -25948
3 -25972
4 -25972
1 -25972
2 -25996
3 -26026
4 -26050
3 -26074
2 -26104
1 -26152
1 -26206
2 -26206
3 -26206
4 -26206
2 -26308
3 -26410
1 -26512
2 -26512
4 -26512
3 -26512
3 -26614
2 -26716
1 -26824
2 -26824
3 -26824
4 -26824
2 -26926
3 -27028
4 -27130
3 -27130
3 -27232
2 -27232
1 -27334
2 -27334
2 -27436
3 -27436
4 -27748
1 -27748
1 -28054
2 -28366
3 -28468
2 -28570
3 -28672
4 -28672
3 -28726
4 -28726
3 -28828
4 -28828
3 -28930
4 -28930
1 -28984
2 -28984
1 -29032
2 -29032
1 -29134
2 -29134
2 -29236
1 -29236
3 -29290
2 -29344
1 -29392
3 -29446
4 -29494
2 -29524
3 -29548
2 -29572
3 -29596
2 -29626
3 -29650
2 -29674
3 -29704
2 -29728
3 -29752
2 -29776
3 -29806
2 -29830
3 -29854
2 -29884
3 -29908
4 -29908
2 -29956
3 -30010
2 -30064
3 -30112
2 -30166
3 -30214
2 -30268
3 -30316
2 -30370
3 -30424
2 -30472
3 -30526
4 -30526
1 -30574
4 -30628
1 -30676
4 -30730
1 -30784
4 -30832
1 -30886
4 -30934
1 -30988
4 -31036
1 -31090
3 -31144
4 -31144
2 -31192
4 -31246
2 -31294
4 -31348
2 -31396
4 -31450
2 -31504
4 -31552
2 -31606
4 -31654
2 -31708
3 -31756
4 -31756
3 -31864
4 -31864
4 -31966
3 -31990
4 -32014
3 -32044
2 -32068
1 -32092
2 -32116
1 -32146
4 -32170
3 -32224
4 -32272
1 -32326
1 -32374
2 -32374
3 -32374
4 -32374
4 -32476
3 -32530
4 -32584
3 -32632
4 -32686
3 -32734
1 -32788
1 -32836
1 -32890
1 -32944
2 -33046
2 -33148
2 -33250
4 -33304
4 -33352
4 -33406
4 -33454
4 -33508
4 -33556
3 -33610
4 -33664
1 -33712
4 -33766
1 -33814
4 -33868
1 -33916
4 -33970
1 -34024
4 -34072
1 -34126
4 -34174
4 -34228
4 -34252
4 -34276
4 -34306
1 -34330
1 -34354
1 -34384
1 -34408
3 -34432
3 -34456
3 -34486
3 -34510
2 -34534
2 -34564
2 -34588
2 -34612
4 -34636
3 -34636
2 -34666
3 -34666
1 -34690
2 -34690
2 -34714
3 -34714
4 -34744
3 -34768
4 -34792
2 -34816
4 -34846
4 -34948
3 -34972
4 -34996
3 -35026
4 -35050
3 -35074
4 -35104
3 -35128
2 -35152
3 -35176
2 -35206
3 -35230
2 -35254
3 -35284
2 -35308
1 -35332
2 -35356
1 -35386
2 -35410
3 -35434
2 -35464
1 -35488
2 -35512
1 -35536
2 -35566
1 -35590
2 -35614
1 -35644
2 -35668
1 -35692
2 -35716
3 -35746
4 -35770
3 -35794
2 -35824
1 -35848
2 -35872
3 -35896
4 -35926
3 -35950
2 -35974
1 -36004
2 -36028
3 -36052
4 -36076
3 -36130
4 -36130
3 -36154
4 -36154
3 -36184
4 -36184
2 -36232
3 -36232
2 -36256
3 -36256
2 -36286
3 -36286
1 -36334
2 -36334
1 -36364
2 -36364
1 -36388
2 -36388
3 -36490
4 -36514
3 -36544
2 -36568
3 -36592
2 -36616
1 -36646
2 -36670
1 -36694
3 -36748
4 -36748
3 -36772
4 -36772
3 -36796
4 -36796
2 -36850
3 -36850
2 -36874
3 -36874
3 -36904
2 -36904
1 -36952
2 -36952
2 -36976
1 -36976
1 -37006
2 -37006
3 -37030
4 -37054
3 -37084
4 -37108
3 -37132
2 -37156
1 -37186
2 -37210
1 -37234
2 -37264
1 -37288
3 -37312
4 -37312
3 -37366
4 -37366
3 -37414
4 -37414
3 -37468
4 -37468
2 -37516
1 -37546
2 -37570
1 -37594
2 -37624
3 -37828
4 -37828
1 -37876
2 -37876
1 -37930
2 -37930
3 -37954
4 -37954
1 -37984
2 -37984
3 -38008
4 -38008
1 -38032
2 -38032
3 -38056
4 -38056
1 -38086
2 -38086
3 -38110
4 -38110
1 -38134
2 -38134
3 -38164
4 -38164
1 -38188
2 -38188
3 -38212
4 -38212
1 -38236
2 -38236
3 -38266
4 -38290
3 -38314
3 -38368
4 -38392
3 -38416
3 -38470
4 -38494
3 -38524
2 -38548
1 -38572
2 -38596
3 -38626
2 -38650
3 -38674
4 -38704
3 -38728
4 -38752
3 -38776
2 -38806
1 -38830
2 -38854
1 -38884
2 -38908
3 -38932
4 -38956
3 -38986
4 -39010
3 -39034
2 -39064
3 -39088
2 -39112
3 -39136
2 -39166
4 -39166
1 -39190
2 -39214
4 -39214
1 -39244
2 -39268
4 -39268
1 -39292
2 -39316
4 -39316
3 -39346
4 -39370
1 -39370
3 -39394
2 -39424
1 -39424
3 -39448
2 -39472
1 -39472
3 -39496
4 -39526
1 -39526
3 -39550
2 -39574
4 -39574
1 -39604
2 -39628
4 -39628
1 -39652
2 -39676
4 -39676
3 -39706
4 -39730
3 -39754
4 -39784
2 -39886
1 -39886
3 -39886
4 -39886
4 -39988
3 -40012
4 -40036
3 -40066
4 -40090
4 -40144
4 -40192
4 -40246
1 -40294
2 -40324
1 -40348
2 -40372
1 -40396
1 -40450
1 -40504
1 -40552
4 -40606
1 -40630
3 -40654
4 -40672
3 -40690
2 -40708
1 -40726
2 -40744
4 -40756
3 -40774
4 -40792
1 -40810
2 -40828
1 -40846
2 -40864
4 -40912
4 -41014
4 -41068
3 -41092
2 -41116
3 -41170
2 -41194
1 -41224
2 -41272
1 -41296
2 -41326
1 -41374
2 -41404
3 -41428
2 -41476
3 -41506
4 -41530
3 -41584
4 -41608
3 -41632
3 -41686
2 -41710
3 -41734
2 -41788
3 -41812
2 -41836
3 -41890
4 -41944
4 -42046
3 -42064
2 -42076
3 -42094
2 -42112
1 -42130
2 -42148
3 -42166
4 -42184
1 -42184
2 -42196
3 -42214
3 -42250
4 -42250
3 -42304
4 -42304
3 -42352
4 -42352
3 -42406
4 -42406
3 -42454
4 -42454
2 -42484
3 -42508
2 -42532
1 -42556
1 -42610
2 -42664
1 -42712
2 -42766
1 -42766
2 -42814
1 -42814
2 -42868
1 -42868
1 -42916
2 -42916
3 -42970
4 -42994
3 -43024
4 -43048
3 -43072
4 -43126
1 -43174
3 -43204
2 -43228
4 -43252
1 -43276
3 -43306
2 -43330
4 -43354
1 -43384
3 -43432
4 -43486
3 -43510
2 -43534
3 -43564
1 -43588
2 -43612
3 -43636
2 -43666
4 -43690
3 -43708
2 -43726
4 -43744
3 -43756
2 -43774
1 -43792
2 -43816
3 -43846
2 -43870
4 -43894
3 -43924
2 -43948
3 -43972
1 -43996
2 -44014
3 -44032
1 -44050
2 -44068
3 -44086
4 -44104
3 -44116
2 -44134
3 -44152
2 -44170
1 -44188
2 -44206
1 -44224
2 -44236
1 -44254
2 -44272
3 -44290
4 -44308
3 -44326
2 -44344
3 -44356
1 -44374
2 -44392
1 -44410
4 -44428
3 -44446
4 -44464
1 -44476
2 -44494
3 -44512
4 -44530
3 -44548
4 -44566
3 -44584
2 -44596
1 -44614
2 -44626
3 -44632
2 -44644
3 -44650
1 -44656
4 -44668
1 -44674
4 -44686
2 -44692
3 -44704
2 -44710
4 -44716
4 -44872
3 -44926
2 -44974
1 -45028
2 -45130
4 -45232
3 -45286
4 -45334
3 -45490
2 -45544
1 -45592
1 -45646
2 -45850
3 -45904
1 -45952
3 -46054
2 -46156
4 -46264
2 -46366
3 -46468
3 -46570
3 -46726
2 -46774
1 -46828
4 -46876
3 -46888
3 -46984
2 -46990
2 -47086
1 -47092
3 -47188
4 -47188
1 -47344
2 -47392
3 -47446
4 -47494
1 -47650
2 -47650
2 -47704
3 -47704
4 -47752
3 -47806
4 -47956
3 -48010
2 -48064
1 -48112
2 -48112
1 -48214
2 -48214
2 -48316
3 -48316
1 -48370
2 -48424
1 -48574
2 -48628
3 -48676
4 -48730
4 -48832
3 -48934
2 -49036
1 -49192
2 -49246
1 -49294
3 -49348
4 -49504
3 -49552
4 -49606
2 -49654
3 -49654